0.0584919 0.9025157 0.0001025 0.0260536 0.0128362
0.0804374 0.9004475 0.0001025 0.0162344 0.0027782
0.0001024 0.9430974 0.0061185 0.0001024 0.0505793
0.0577727 0.8934050 0.0165218 0.0061587 0.0261418
0.4598545 0.0068397 0.0167815 0.0001024 0.5164220
0.0001022 0.9208881 0.0001022 0.0001022 0.0788052
0.0001023 0.9398588 0.0137349 0.0001023 0.0462016
0.0001024 0.9241711 0.0074235 0.0001024 0.0682005
0.0001020 0.9376020 0.0001020 0.0001020 0.0620917
0.0001024 0.9132730 0.0257266 0.0001024 0.0607957
0.5123954 0.0001018 0.0001018 0.0001018 0.4872991
0.2036854 0.7891282 0.0069813 0.0001026 0.0001026
0.4680675 0.0229024 0.0001022 0.0001022 0.5088257
0.2735757 0.7261242 0.0001000 0.0001000 0.0001000
0.0001025 0.8733172 0.0685878 0.0001025 0.0578900
0.0001024 0.0647526 0.0548465 0.0181658 0.8621326
0.2752742 0.7244247 0.0001004 0.0001004 0.0001004
0.1321777 0.0789438 0.0001024 0.0224427 0.7663334
0.0001025 0.9122161 0.0028364 0.0205312 0.0643138
0.0001025 0.9130416 0.0192435 0.0114595 0.0561528
0.2522026 0.7474963 0.0001003 0.0001003 0.0001003
0.5200136 0.0001017 0.0001017 0.0001017 0.4796812
0.0593892 0.8804694 0.0400183 0.0001026 0.0200204
0.0001025 0.9005895 0.0060077 0.0148173 0.0784829
0.5135707 0.0001016 0.0001016 0.0001016 0.4861244
0.4742761 0.0001017 0.0001017 0.0001017 0.5254188
0.2643245 0.0013111 0.0405978 0.0066798 0.6870869
0.5360633 0.0001022 0.0001238 0.0001022 0.4636084
0.0001025 0.9146777 0.0204029 0.0011195 0.0636973
0.2198234 0.7798752 0.0001005 0.0001005 0.0001005
0.5231745 0.0001024 0.0092852 0.0011675 0.4662704
0.4982050 0.0001019 0.0001019 0.0001019 0.5014895
0.0001025 0.9099132 0.0010996 0.0065867 0.0822979
0.3603823 0.0001024 0.0236307 0.0001024 0.6157823
0.4877641 0.0001020 0.0001020 0.0001020 0.5119301
0.0001024 0.0353304 0.0221957 0.0896789 0.8526926
0.0001023 0.0001023 0.0893711 0.8514959 0.0589284
0.5213323 0.0001023 0.0001023 0.0025612 0.4759019
0.3447567 0.5136528 0.1413904 0.0001001 0.0001001
0.5463836 0.0061716 0.0001023 0.0001023 0.4472402
0.4738942 0.0001021 0.0001021 0.0001021 0.5257996
0.5446036 0.0003456 0.0001022 0.0001022 0.4548465
0.0001024 0.0001024 0.0621724 0.8924810 0.0451417
0.2652903 0.0001006 0.7344079 0.0001006 0.0001006
0.4344248 0.0001018 0.0001018 0.0001018 0.5652699
0.4840199 0.0001014 0.0001014 0.0001014 0.5156759
0.4866945 0.0001015 0.0001015 0.0001015 0.5130011
0.4906694 0.0001017 0.0001017 0.0001017 0.5090256
0.4659880 0.0001017 0.0001017 0.0001017 0.5337068
0.3577790 0.5183353 0.1236861 0.0000998 0.0000998
0.1012399 0.8984529 0.0001024 0.0001024 0.0001024
0.5282024 0.0001021 0.0001021 0.0001021 0.4714913
0.4472030 0.0001020 0.0001020 0.0001020 0.5524910
0.0027309 0.0894505 0.0321210 0.0427265 0.8329712
0.0001027 0.0210095 0.8884808 0.0062937 0.0841134
0.0001027 0.0180514 0.8487630 0.0525847 0.0804983
0.0001027 0.0199783 0.8614352 0.0282943 0.0901896
0.0001026 0.0328516 0.8850405 0.0031777 0.0788276
0.0001025 0.9060261 0.0130532 0.0176090 0.0632092
0.4609002 0.0081669 0.0001024 0.0044712 0.5263593
0.3418526 0.5777138 0.0802336 0.0000999 0.0000999
0.5247054 0.0001024 0.0022347 0.0106227 0.4623347
0.0001024 0.7113183 0.0788138 0.0001024 0.2096631
0.4645516 0.0001018 0.0001018 0.0001018 0.5351430
0.0941329 0.8969340 0.0087164 0.0001142 0.0001025
0.0001025 0.9106228 0.0001025 0.0001025 0.0890695
0.0001023 0.0001023 0.0529565 0.8867394 0.0600994
0.0001023 0.0176740 0.0001023 0.9614786 0.0206427
0.0001025 0.8840595 0.0144051 0.0267715 0.0746613
0.0705183 0.8583813 0.0555680 0.0001026 0.0154298
0.0001026 0.1732500 0.6374761 0.0958477 0.0933236
0.0001025 0.9073838 0.0175574 0.0153823 0.0595740
0.0753096 0.8631344 0.0368397 0.0176349 0.0070813
0.0001026 0.8745708 0.0518253 0.0001026 0.0733988
0.0001026 0.8503218 0.0362316 0.0236060 0.0897380
0.0868137 0.0001020 0.0001020 0.9128803 0.0001020
0.2339680 0.0001007 0.0001007 0.7657298 0.0001007
0.0001025 0.9054010 0.0218697 0.0001025 0.0725243
0.0001024 0.0001024 0.0662704 0.8836094 0.0499155
0.0001025 0.0001025 0.2817142 0.6822102 0.0358706
0.3253953 0.5738963 0.1005083 0.0001000 0.0001000
0.3013238 0.6144758 0.0839994 0.0001005 0.0001005
0.3711902 0.5294372 0.0991730 0.0000998 0.0000998
0.2979921 0.5880570 0.1137502 0.0001003 0.0001003
0.0001026 0.0314292 0.8848400 0.0035506 0.0800775
0.0001026 0.0255003 0.8403476 0.0498510 0.0841985
0.0001026 0.0001026 0.8886625 0.0275209 0.0836113
0.3209850 0.5635388 0.1152762 0.0000999 0.0000999
0.0001026 0.0001026 0.8936623 0.0321561 0.0739764
0.0037793 0.7837585 0.1333106 0.0060995 0.0730522
0.0001026 0.0449070 0.8681783 0.0105064 0.0763057
0.3246515 0.5233539 0.1517949 0.0000999 0.0000999
0.0001027 0.0243859 0.8706273 0.0371913 0.0676927
0.0001027 0.0285238 0.8515411 0.0400496 0.0797829
0.2887544 0.5910817 0.1199638 0.0001001 0.0001001
0.0001025 0.0113484 0.9192379 0.0001025 0.0692087
0.0001026 0.0035841 0.8956365 0.0213043 0.0793725
0.4863451 0.0001018 0.0001018 0.0001018 0.5133495
0.3057081 0.6939920 0.0001000 0.0001000 0.0001000
0.4406290 0.0075610 0.0195500 0.0001024 0.5321577
0.0001026 0.0001026 0.8781078 0.0346826 0.0870044
0.2555611 0.0001006 0.7441370 0.0001006 0.0001006
0.2952708 0.5651471 0.1393806 0.0001007 0.0001007
0.2889591 0.5937517 0.1170885 0.0001003 0.0001003
0.0001025 0.0257049 0.8901365 0.0001025 0.0839536
0.0001025 0.0001025 0.2609996 0.6857852 0.0530102
0.2971225 0.5996431 0.1030337 0.0001002 0.0001002
0.0001026 0.0314615 0.8829751 0.0040321 0.0814286
0.2574401 0.0001007 0.7422578 0.0001007 0.0001007
0.2388103 0.0001007 0.1587062 0.6022819 0.0001007
0.2865185 0.0000999 0.7131816 0.0000999 0.0000999
0.5435444 0.0001022 0.0041973 0.0001022 0.4520539
0.0001024 0.0807254 0.0358547 0.0379549 0.8453627
0.4498427 0.0001018 0.0001018 0.0001018 0.5498520
0.4728729 0.0164852 0.0230963 0.0001024 0.4874431
0.4314274 0.0001022 0.0001022 0.0042625 0.5641057
0.5569906 0.0001016 0.0001016 0.0001016 0.4427045
0.5374714 0.0001023 0.0113571 0.0001023 0.4509670
0.5003049 0.0001018 0.0001018 0.0001018 0.4993898
0.5289809 0.0180302 0.0001022 0.0001022 0.4527844
0.4724999 0.0001022 0.0001022 0.0130603 0.5142353
0.4503502 0.0001017 0.0001017 0.0001017 0.5493448
0.5095858 0.0001020 0.0001020 0.0001020 0.4901083
0.5257511 0.0042135 0.0001023 0.0001023 0.4698307
0.4387300 0.0001023 0.0231058 0.0001023 0.5379596
0.4394559 0.0001024 0.0150435 0.0001024 0.5452960
0.4689374 0.0166313 0.0058539 0.0001023 0.5084752
0.4602132 0.0001022 0.0001022 0.0001022 0.5394803
0.5266116 0.0001021 0.0001021 0.0001021 0.4730821
0.4777802 0.0001020 0.0001020 0.0001020 0.5219139
0.4995083 0.0001015 0.0001015 0.0001015 0.5001873
0.5141566 0.0064076 0.0001023 0.0001023 0.4792311
0.5250776 0.0001021 0.0001021 0.0007233 0.4739949
0.5192472 0.0001023 0.0001023 0.0001023 0.4804459
0.4319532 0.0001022 0.0001022 0.0001022 0.5677403
0.5130538 0.0001019 0.0001019 0.0001019 0.4866404
0.0001024 0.0701436 0.0465372 0.0322842 0.8509325
0.4253346 0.0235219 0.0001023 0.0001023 0.5509390
0.4496360 0.0001022 0.0054294 0.0001022 0.5447302
0.4586718 0.0001021 0.0001021 0.0002119 0.5409122
0.4247569 0.0001020 0.0001020 0.0001020 0.5749370
0.4247698 0.0001021 0.0001021 0.0001021 0.5749240
0.4995942 0.0001016 0.0001016 0.0001016 0.5001010
0.4321391 0.0001021 0.0001021 0.0001021 0.5675545
0.4597849 0.0001016 0.0001016 0.0001016 0.5399104
0.4462759 0.0006880 0.0001023 0.0028882 0.5500456
0.3386213 0.0360115 0.0001022 0.0001022 0.6251628
0.5509828 0.0001020 0.0001020 0.0001020 0.4487111
0.5307513 0.0001016 0.0001016 0.0001016 0.4689439
0.5475475 0.0001016 0.0001016 0.0001016 0.4521476
0.5255185 0.0001021 0.0001021 0.0001021 0.4741751
0.0796425 0.0728129 0.0002051 0.0381150 0.8092246
0.5026518 0.0001018 0.0001018 0.0001018 0.4970430
0.0021092 0.0807190 0.0001024 0.0576951 0.8593743
0.5034916 0.0001023 0.0001023 0.0076089 0.4886948
0.4493354 0.0001023 0.0040384 0.0001023 0.5464215
0.5102957 0.0001018 0.0001018 0.0001018 0.4893990
0.4969244 0.0001015 0.0001015 0.0001015 0.5027712
0.5235347 0.0001023 0.0001023 0.0001023 0.4761583
0.5159498 0.0001021 0.0001021 0.0001021 0.4837438
0.5186428 0.0001020 0.0001020 0.0001020 0.4810510
0.5101010 0.0001014 0.0001014 0.0001014 0.4895948
0.3500803 0.0045109 0.0001023 0.0108688 0.6344377
0.5064976 0.0001017 0.0001017 0.0001017 0.4931974
0.4613719 0.0001018 0.0001018 0.0001018 0.5383226
0.4642657 0.0001020 0.0001020 0.0001020 0.5354283
0.0001024 0.0944104 0.0366077 0.0199397 0.8489398
0.0023821 0.1124287 0.0303106 0.0245603 0.8303183
0.5325518 0.0001020 0.0001020 0.0001020 0.4671423
0.0047867 0.0783013 0.0559958 0.0240212 0.8368949
0.5157204 0.0001019 0.0001019 0.0001019 0.4839738
0.4383647 0.0001022 0.0001022 0.0001022 0.5613288
0.4647656 0.0001024 0.0001024 0.0001024 0.5349273
0.4437603 0.0001024 0.0002400 0.0148492 0.5410482
0.4333505 0.0040482 0.0026421 0.0001023 0.5598570
0.5534272 0.0001016 0.0001016 0.0001016 0.4462680
0.4596581 0.0010499 0.0001024 0.0110830 0.5281066
0.4723863 0.0001023 0.0001023 0.0001023 0.5273069
0.5037953 0.0001021 0.0001021 0.0001021 0.4958986
0.5123511 0.0001016 0.0001016 0.0001016 0.4873441
0.4505886 0.0164508 0.0010190 0.0013429 0.5305986
0.0001024 0.1048325 0.0278052 0.0149327 0.8523272
0.5204959 0.0001022 0.0001022 0.0001022 0.4791974
0.5251223 0.0001017 0.0001017 0.0001017 0.4745725
0.4529229 0.0001022 0.0001022 0.0001022 0.5467705
0.4328968 0.0097255 0.0001023 0.0060155 0.5512599
0.5398185 0.0001020 0.0001020 0.0001020 0.4598753
0.1977234 0.0756221 0.0048037 0.0067538 0.7150970
0.3990069 0.0007343 0.0001022 0.0001022 0.6000546
0.0001024 0.0497613 0.0725934 0.0135288 0.8640140
0.5325059 0.0001019 0.0001019 0.0001019 0.4671882
0.4887755 0.0001024 0.0036209 0.0016324 0.5058689
0.4578055 0.0001023 0.0001023 0.0011184 0.5408715
0.4395329 0.0001023 0.0001023 0.0013352 0.5589274
0.5190424 0.0001023 0.0002561 0.0001023 0.4804969
0.5121900 0.0001020 0.0001020 0.0001020 0.4875039
0.5210521 0.0001024 0.0122178 0.0001024 0.4665253
0.0001024 0.0758863 0.0274084 0.0566139 0.8399889
0.5165584 0.0001023 0.0001023 0.0001023 0.4831346
0.5133030 0.0001018 0.0001018 0.0001018 0.4863916
0.5108475 0.0001014 0.0001014 0.0001014 0.4888481
0.1347862 0.0727694 0.0103904 0.0253046 0.7567494
0.5113441 0.0001016 0.0001016 0.0001016 0.4883512
0.4524234 0.0001020 0.0001020 0.0001020 0.5472706
0.0001024 0.0449101 0.0769071 0.0176000 0.8604804
0.0001024 0.0462589 0.0809401 0.0050485 0.8676501
0.4541607 0.0001019 0.0001019 0.0001019 0.5455338
0.1626684 0.0469728 0.0412022 0.0001024 0.7490542
0.5167922 0.0001022 0.0001022 0.0244737 0.4585297
0.0001024 0.0835735 0.0169716 0.0333917 0.8659608
0.4607528 0.0001016 0.0001016 0.0001016 0.5389425
0.4520122 0.0001021 0.0001021 0.0001021 0.5476817
0.5124825 0.0001019 0.0001019 0.0001019 0.4872119
0.4553563 0.0066385 0.0001023 0.0065883 0.5313146
0.5138286 0.0001024 0.0001024 0.0215578 0.4644088
0.3266701 0.0416245 0.0001022 0.0001022 0.6315010
0.4387361 0.0001017 0.0001017 0.0001017 0.5609588
0.4626703 0.0001016 0.0001016 0.0001016 0.5370249
0.5194698 0.0001016 0.0001016 0.0001016 0.4802254
0.4416462 0.0001022 0.0001022 0.0001022 0.5580474
0.4627597 0.0001019 0.0001019 0.0001019 0.5369347
0.0001026 0.1486760 0.6284074 0.1015668 0.1212472
0.0001025 0.9244487 0.0011352 0.0005237 0.0737898
0.0001024 0.0220879 0.0001024 0.9508488 0.0268585
0.0001024 0.9323284 0.0001024 0.0001024 0.0673645
0.5281144 0.0001022 0.0064693 0.0001022 0.4652119
0.0001024 0.0576587 0.0313015 0.0546854 0.8562521
0.0001026 0.1449479 0.6308846 0.1061609 0.1179039
0.2253703 0.7743285 0.0001004 0.0001004 0.0001004
0.4473663 0.0001021 0.0001021 0.0102280 0.5422016
0.4266275 0.0001022 0.0001022 0.0001022 0.5730658
0.0001024 0.0972985 0.0117079 0.0221154 0.8687759
0.5288080 0.0001021 0.0036751 0.0001021 0.4673125
0.3187637 0.0001024 0.0419982 0.0001024 0.6390334
0.5214712 0.0001022 0.0001022 0.0042844 0.4740400
0.4428825 0.0001022 0.0001022 0.0001022 0.5568110
0.5214661 0.0001021 0.0042326 0.0001021 0.4740971
0.5018702 0.0001013 0.0001013 0.0001013 0.4978261
0.5195242 0.0001022 0.0001022 0.0001022 0.4801692
0.0001024 0.0658366 0.0352584 0.0425101 0.8562925
0.5025052 0.0001019 0.0001019 0.0001019 0.4971892
0.5201536 0.0001022 0.0001022 0.0001022 0.4795396
0.4989555 0.0001022 0.0001022 0.0001022 0.5007380
0.0001024 0.0209727 0.0112084 0.9552512 0.0124654
0.4487411 0.0001018 0.0001018 0.0001018 0.5509534
0.5570042 0.0001018 0.0001018 0.0001018 0.4426903
0.4281734 0.0001022 0.0004333 0.0001022 0.5711889
0.5067232 0.0001017 0.0001017 0.0001017 0.4929718
0.5171413 0.0001023 0.0001023 0.0001023 0.4825518
0.4983936 0.0029934 0.0001021 0.0001021 0.4984088
0.5246260 0.0001021 0.0001021 0.0001021 0.4750677
0.0001024 0.0673037 0.0266207 0.0566182 0.8493549
0.5223900 0.0001020 0.0001020 0.0001020 0.4773040
0.0001024 0.0806498 0.0438723 0.0386004 0.8367749
0.4588653 0.0001022 0.0001022 0.0001022 0.5408280
0.5298971 0.0001020 0.0001020 0.0001020 0.4697970
0.5274617 0.0001020 0.0001020 0.0001020 0.4722324
0.3901744 0.0034691 0.0001024 0.0424634 0.5637907
0.2475712 0.0211824 0.0324254 0.0026195 0.6962013
0.5060113 0.0001018 0.0001018 0.0001018 0.4936835
0.0001024 0.0951377 0.0229144 0.0253729 0.8564726
0.5017482 0.0001019 0.0001019 0.0001019 0.4979461
0.3495606 0.0001024 0.0228580 0.0369017 0.5905771
0.5087135 0.0001020 0.0001020 0.0001020 0.4909806
0.4390396 0.0001023 0.0001023 0.0001023 0.5606534
0.5003564 0.0001012 0.0001012 0.0001012 0.4993399
0.4411002 0.0001021 0.0033698 0.0001021 0.5553257
0.4188543 0.0322393 0.0001023 0.0001023 0.5487019
0.4259695 0.0178969 0.0001024 0.0224086 0.5336227
0.1522914 0.0583138 0.0001024 0.0399654 0.7493269
0.5274676 0.0001022 0.0036566 0.0001022 0.4686714
0.5149934 0.0001020 0.0001020 0.0001020 0.4847005
0.3434084 0.0231208 0.0001020 0.0001020 0.6332668
0.0001024 0.0616751 0.0399724 0.0465260 0.8517241
0.5161245 0.0001019 0.0001019 0.0001019 0.4835698
0.4645094 0.0001022 0.0001022 0.0180434 0.5172429
0.5046122 0.0001018 0.0001018 0.0001018 0.4950826
0.3517795 0.0071807 0.0283249 0.0001023 0.6126126
0.5294777 0.0001018 0.0001018 0.0001018 0.4702169
0.4017487 0.0001020 0.0001020 0.0001020 0.5979454
0.5023847 0.0001017 0.0001017 0.0001017 0.4973103
0.5132144 0.0001020 0.0001020 0.0001020 0.4864795
0.0001024 0.0955102 0.0331628 0.0391422 0.8320824
0.4437620 0.0001017 0.0001017 0.0001017 0.5559328
0.5201248 0.0001018 0.0001018 0.0001018 0.4795699
0.5288302 0.0001024 0.0151973 0.0141461 0.4417240
0.4571843 0.0154286 0.0001024 0.0004715 0.5268133
0.4719183 0.0001019 0.0001019 0.0001019 0.5277759
0.5291913 0.0081740 0.0001022 0.0001022 0.4624303
0.5240085 0.0076770 0.0001024 0.0171835 0.4510286
0.4682511 0.0076739 0.0001023 0.0001023 0.5238705
0.0001024 0.1025928 0.0163664 0.0504627 0.8304756
0.4811897 0.0001023 0.0115786 0.0001023 0.5070271
0.5211120 0.0001020 0.0001020 0.0001020 0.4785819
0.5197511 0.0001021 0.0001021 0.0001021 0.4799424
0.0001024 0.0957005 0.0285352 0.0280470 0.8476149
0.0045211 0.0738199 0.0409887 0.0414199 0.8392503
0.3977976 0.0001023 0.0141807 0.0001023 0.5878173
0.4820092 0.0001018 0.0001018 0.0001018 0.5176855
0.4365825 0.0127945 0.0001023 0.0001023 0.5504185
0.4335652 0.0001023 0.0001023 0.0001023 0.5661278
0.4671967 0.0001023 0.0045388 0.0001023 0.5280599
0.5203282 0.0001017 0.0001017 0.0001017 0.4793666
0.4615027 0.0001021 0.0001021 0.0001021 0.5381908
0.5302886 0.0001020 0.0001020 0.0001020 0.4694053
0.4371450 0.0122541 0.0001024 0.0001024 0.5503962
0.5013357 0.0001019 0.0001019 0.0001019 0.4983585
0.5280296 0.0001018 0.0001018 0.0001018 0.4716650
0.2016667 0.0001023 0.0917737 0.0001023 0.7063550
0.2007532 0.0001022 0.0915674 0.0001022 0.7074749
0.4455633 0.0001023 0.0001023 0.0170676 0.5371645
0.4575492 0.0196722 0.0001023 0.0001023 0.5225741
0.1313758 0.0524223 0.0182025 0.0424513 0.7555481
0.4330144 0.0001023 0.0048292 0.0001023 0.5619519
0.4473020 0.0390537 0.0001024 0.0032311 0.5103109
0.4965750 0.0001017 0.0001017 0.0001017 0.5031198
0.0001023 0.0563229 0.0193717 0.0500804 0.8741227
0.5062296 0.0001020 0.0001020 0.0001020 0.4934644
0.0001023 0.0576141 0.0166013 0.0502536 0.8754287
0.5173399 0.0001019 0.0001019 0.0001019 0.4823544
0.4938470 0.0001023 0.0055842 0.0001023 0.5003642
0.4426860 0.0001016 0.0001016 0.0001016 0.5570094
0.4675603 0.0001017 0.0001017 0.0001017 0.5321347
0.5231130 0.0001018 0.0001018 0.0001018 0.4765815
0.5258751 0.0001023 0.0064564 0.0001023 0.4674639
0.4622102 0.0001021 0.0001021 0.0017070 0.5358785
0.5023397 0.0001021 0.0001021 0.0001021 0.4973541
0.5277491 0.0001021 0.0001021 0.0001021 0.4719445
0.5017539 0.0001020 0.0001020 0.0001020 0.4979403
0.5282784 0.0001017 0.0001017 0.0001017 0.4714164
0.0032979 0.0739717 0.0345436 0.0196621 0.8685247
0.5418462 0.0001015 0.0001015 0.0001015 0.4578492
0.0001024 0.0615323 0.0737963 0.0082365 0.8563325
0.4534849 0.0001020 0.0001020 0.0001020 0.5462092
0.4735849 0.0001019 0.0001019 0.0001019 0.5261095
0.5507452 0.0001020 0.0001020 0.0001020 0.4489487
0.5408052 0.0001017 0.0001017 0.0001017 0.4588897
0.5036144 0.0001021 0.0001021 0.0001021 0.4960794
0.4537538 0.0001020 0.0001020 0.0001020 0.5459404
0.4591540 0.0007589 0.0001024 0.0108111 0.5291736
0.5225003 0.0001019 0.0001019 0.0001019 0.4771939
0.5146849 0.0001022 0.0001022 0.0001022 0.4850085
0.4237566 0.0126247 0.0001022 0.0059691 0.5575473
0.5078829 0.0001019 0.0001019 0.0001019 0.4918113
0.5120580 0.0001021 0.0001021 0.0001021 0.4876358
0.5110074 0.0001018 0.0001018 0.0001018 0.4886870
0.5246059 0.0001020 0.0001020 0.0001020 0.4750879
0.5214325 0.0001020 0.0001020 0.0001020 0.4782613
0.3534074 0.0004698 0.0079130 0.0135661 0.6246438
0.0001024 0.0661784 0.0408354 0.0433679 0.8495159
0.5188026 0.0001017 0.0001017 0.0001017 0.4808922
0.5079965 0.0001016 0.0001016 0.0001016 0.4916988
0.5188101 0.0001018 0.0001018 0.0001018 0.4808844
0.5077503 0.0001021 0.0001021 0.0001021 0.4919434
0.5620173 0.0001020 0.0001020 0.0001020 0.4376768
0.4918607 0.0001020 0.0001020 0.0001020 0.5078334
0.4605342 0.0001022 0.0001022 0.0001022 0.5391591
0.4591775 0.0001024 0.0070227 0.0001024 0.5335951
0.4343446 0.0001020 0.0001020 0.0001020 0.5653494
0.4760808 0.0001014 0.0001014 0.0001014 0.5236151
0.4320982 0.0023831 0.0115339 0.0169117 0.5370730
0.4993047 0.0001020 0.0001020 0.0001020 0.5003895
0.5378815 0.0001012 0.0001012 0.0001012 0.4618149
0.4315968 0.0001018 0.0001018 0.0001018 0.5680981
0.5277724 0.0001023 0.0001023 0.0044819 0.4675409
0.5260578 0.0001023 0.0001023 0.0001023 0.4736352
0.5590878 0.0001016 0.0001016 0.0001016 0.4406072
0.4384574 0.0128688 0.0001021 0.0001021 0.5484697
0.5313959 0.0001022 0.0001022 0.0001022 0.4682975
0.4483658 0.0004377 0.0001022 0.0001022 0.5509921
0.5233868 0.0001021 0.0001021 0.0066537 0.4697553
0.5038824 0.0001024 0.0186436 0.0001024 0.4772692
0.5452549 0.0001021 0.0001021 0.0178940 0.4366469
0.4482176 0.0001020 0.0001020 0.0001020 0.5514765
0.4278890 0.0154863 0.0001022 0.0001022 0.5564205
0.4286656 0.0001024 0.0001024 0.0074993 0.5636305
0.4320156 0.0001022 0.0001022 0.0001022 0.5676778
0.5050557 0.0001024 0.0001024 0.0070443 0.4876952
0.4177986 0.0053172 0.0001023 0.0001023 0.5766797
0.5314417 0.0001020 0.0001020 0.0001020 0.4682522
0.5031389 0.0001014 0.0001014 0.0001014 0.4965569
0.4346591 0.0064556 0.0001023 0.0001023 0.5586808
0.0001025 0.0757957 0.0292593 0.0158440 0.8789985
0.5423851 0.0001020 0.0001020 0.0001020 0.4573090
0.5519807 0.0001020 0.0001020 0.0001020 0.4477133
0.4518622 0.0001024 0.0092257 0.0015965 0.5372133
0.4517394 0.0001019 0.0001019 0.0001019 0.5479548
0.5222609 0.0001020 0.0001020 0.0001020 0.4774329
0.5158584 0.0001020 0.0001020 0.0001020 0.4838358
0.0001023 0.0700291 0.0206593 0.0359463 0.8732631
0.4322193 0.0001022 0.0001022 0.0001022 0.5674742
0.4112314 0.0187935 0.0001024 0.0001024 0.5697705
0.5764490 0.0001022 0.0001022 0.0023966 0.4209500
0.5054689 0.0001018 0.0001018 0.0001018 0.4942258
0.5314929 0.0001022 0.0001022 0.0001022 0.4682005
0.4183316 0.0001021 0.0001021 0.0001021 0.5813621
0.4474085 0.0001024 0.0016161 0.0046753 0.5461978
0.4499787 0.0001022 0.0001022 0.0001022 0.5497147
0.4558769 0.0001023 0.0001023 0.0033684 0.5405501
0.5022869 0.0001021 0.0001021 0.0001021 0.4974068
0.4436071 0.0001022 0.0001022 0.0001022 0.5560865
0.5066302 0.0001021 0.0001021 0.0017965 0.4913691
0.3963636 0.0001022 0.0320803 0.0001022 0.5713516
0.5126894 0.0001020 0.0001020 0.0001020 0.4870045
0.5210056 0.0001017 0.0001017 0.0001017 0.4786893
0.4523028 0.0001023 0.0001023 0.0001023 0.5473903
0.5273924 0.0001021 0.0001021 0.0001021 0.4723013
0.0072891 0.0877658 0.0001024 0.0390378 0.8658049
0.4594577 0.0034066 0.0001021 0.0001021 0.5369314
0.4280414 0.0001021 0.0002561 0.0001021 0.5714983
0.5503016 0.0001018 0.0001018 0.0001018 0.4493930
0.4805680 0.0001019 0.0001019 0.0001019 0.5191263
0.5274228 0.0065144 0.0039981 0.0001024 0.4619623
0.5229157 0.0001023 0.0049564 0.0001023 0.4719232
0.5184864 0.0001018 0.0001018 0.0001018 0.4812083
0.5020982 0.0001023 0.0001023 0.0195714 0.4781258
0.4694178 0.0001019 0.0001019 0.0001019 0.5302765
0.5258336 0.0001016 0.0001016 0.0001016 0.4738615
0.4004664 0.0159349 0.0001024 0.0001024 0.5833941
0.4594215 0.0001023 0.0001023 0.0001023 0.5402716
0.4570287 0.0183843 0.0001022 0.0001022 0.5243826
0.5305107 0.0001021 0.0001021 0.0001021 0.4691829
0.1076917 0.0719211 0.0001022 0.0292773 0.7910077
0.3846410 0.0083610 0.0001022 0.0001022 0.6067936
0.4609356 0.0067514 0.0001023 0.0001023 0.5321083
0.5308663 0.0071192 0.0001021 0.0001021 0.4618104
0.4578978 0.0001022 0.0001022 0.0001022 0.5417958
0.4471960 0.0001022 0.0001022 0.0127873 0.5398123
0.5287428 0.0001018 0.0001018 0.0001018 0.4709519
0.4715287 0.0036150 0.0001024 0.0194457 0.5053082
0.3935673 0.0163142 0.3201383 0.0139865 0.2559936
0.5255191 0.0001022 0.0001022 0.0001022 0.4741743
0.0001024 0.0528911 0.0458694 0.0488272 0.8523098
0.5041890 0.0001021 0.0001021 0.0001021 0.4955049
0.3895688 0.0090864 0.0001023 0.0001023 0.6011402
0.1206898 0.0938017 0.0001024 0.0305126 0.7548935
0.5332410 0.0001023 0.0020495 0.0001023 0.4645049
0.0025870 0.0669190 0.0395025 0.0168257 0.8741658
0.4800065 0.0001020 0.0001020 0.0001020 0.5196874
0.0001024 0.0613909 0.0455175 0.0291814 0.8638078
0.5258566 0.0001022 0.0001022 0.0001022 0.4738368
0.5167838 0.0001022 0.0001022 0.0001022 0.4829097
0.4407730 0.0001021 0.0001021 0.0001021 0.5589208
0.5099234 0.0001019 0.0001019 0.0001019 0.4897709
0.0085774 0.0949550 0.0062782 0.0269301 0.8632593
0.1570061 0.0482920 0.0132194 0.0250415 0.7564410
0.0001024 0.0733922 0.0542879 0.0231778 0.8490397
0.5153059 0.0001018 0.0001018 0.0001018 0.4843886
0.4940723 0.0001016 0.0001016 0.0001016 0.5056228
0.4664058 0.0001019 0.0001019 0.0001019 0.5332884
0.5250864 0.0001022 0.0001022 0.0001022 0.4746068
0.5047569 0.0135382 0.0001023 0.0001023 0.4815004
0.5390410 0.0001018 0.0001018 0.0001018 0.4606536
0.0001045 0.0671947 0.0767662 0.0101779 0.8457566
0.4722030 0.0001024 0.0169587 0.0024035 0.5083323
0.4729518 0.0001022 0.0001022 0.0106890 0.5161549
0.4879865 0.0001022 0.0001022 0.0152453 0.4965639
0.0001528 0.0481616 0.0512204 0.0356890 0.8647763
0.4647424 0.0202017 0.0001024 0.0018578 0.5130958
0.5081856 0.0001017 0.0001017 0.0001017 0.4915094
0.4301410 0.0001024 0.0061161 0.0171941 0.5464466
0.4907184 0.0001022 0.0001022 0.0001022 0.5089750
0.4540400 0.0001015 0.0001015 0.0001015 0.5456555
0.5295455 0.0001023 0.0001023 0.0205242 0.4497257
0.4263273 0.0134181 0.0056132 0.0005080 0.5541335
0.5455676 0.0001015 0.0001015 0.0001015 0.4541280
0.0001024 0.0667721 0.0470097 0.0325733 0.8535425
0.0207633 0.0704702 0.0616901 0.0191075 0.8279690
0.2502036 0.7494960 0.0001001 0.0001001 0.0001001
0.0001025 0.9032272 0.0144662 0.0066881 0.0755160
0.0001020 0.9385564 0.0001020 0.0001020 0.0611376
0.0001025 0.9367582 0.0001025 0.0022094 0.0608274
0.5127900 0.0001021 0.0001021 0.0001021 0.4869038
0.0001025 0.9138090 0.0068421 0.0001025 0.0791438
0.0562779 0.0001019 0.0001019 0.9434163 0.0001019
0.0001024 0.0127001 0.0121409 0.9541184 0.0209382
0.0947127 0.0001021 0.0001021 0.9049810 0.0001021
0.4092282 0.0001024 0.0119680 0.0025739 0.5761275
0.0536807 0.0024084 0.0001022 0.9437065 0.0001022
0.0001023 0.0200451 0.0001023 0.9577805 0.0219697
0.0001025 0.0147522 0.0220831 0.9172232 0.0458390
0.0024839 0.0475385 0.0637606 0.0278530 0.8583640
0.5007682 0.0001020 0.0001020 0.0001020 0.4989257
0.4655344 0.0037595 0.0001024 0.0179683 0.5126354
0.0001024 0.0718207 0.0243784 0.0410356 0.8626629
0.5152802 0.0001020 0.0001020 0.0001020 0.4844137
0.5021315 0.0058578 0.0013014 0.0039209 0.4867883
0.5224159 0.0001015 0.0001015 0.0001015 0.4772796
0.4674931 0.0001023 0.0001023 0.0097021 0.5226003
0.4705824 0.0001020 0.0001020 0.0001020 0.5291118
0.5709602 0.0001019 0.0001019 0.0001019 0.4287341
0.4963159 0.0001020 0.0001020 0.0001020 0.5033783
0.4633261 0.0015095 0.0001025 0.0100837 0.5249782
0.0001024 0.0709909 0.0528047 0.0270345 0.8490674
0.4453175 0.0001023 0.0001023 0.0021392 0.5523387
0.4414544 0.0001019 0.0001019 0.0001019 0.5582398
0.5247401 0.0001016 0.0001016 0.0001016 0.4749551
0.0001024 0.0552820 0.0458617 0.0359906 0.8627633
0.5112562 0.0001019 0.0001019 0.0001019 0.4884380
0.2829354 0.0306174 0.0001022 0.0001022 0.6862429
0.5199813 0.0001018 0.0001018 0.0001018 0.4797132
0.5124801 0.0001015 0.0001015 0.0001015 0.4872154
0.5093071 0.0001021 0.0001021 0.0001021 0.4903866
0.4304571 0.0001022 0.0147927 0.0001022 0.5545459
0.0110377 0.0678579 0.0307139 0.0458353 0.8445552
0.5109212 0.0001020 0.0001020 0.0001020 0.4887727
0.4555795 0.0001021 0.0001021 0.0001021 0.5441142
0.4628963 0.0001019 0.0001019 0.0001019 0.5367981
0.4597064 0.0066891 0.0001023 0.0001023 0.5334001
0.4693045 0.0001012 0.0001012 0.0001012 0.5303918
0.4972173 0.0112087 0.0001023 0.0001023 0.4913695
0.1440389 0.0481266 0.0061792 0.0765469 0.7251084
0.4618151 0.0001023 0.0001023 0.0013041 0.5366763
0.4745405 0.0030678 0.0001022 0.0001022 0.5221874
0.4285300 0.0001023 0.0020732 0.0001023 0.5691922
0.4365610 0.0001023 0.0102631 0.0001023 0.5529712
0.4919651 0.2826182 0.0001017 0.0001017 0.2252133
0.5192365 0.0001021 0.0001021 0.0001021 0.4804572
0.4953563 0.0001017 0.0001017 0.0001017 0.5043387
0.5404643 0.0001020 0.0001020 0.0001020 0.4592296
0.5119056 0.0001018 0.0001018 0.0001018 0.4877890
0.4905757 0.0001022 0.0001022 0.0001022 0.5091177
0.4444641 0.0027693 0.0001024 0.0001024 0.5525619
0.4909349 0.0001017 0.0001017 0.0001017 0.5087601
0.4277226 0.0001023 0.0020732 0.0001023 0.5699996
0.4256416 0.0001023 0.0040532 0.0001023 0.5701006
0.5113747 0.0001020 0.0001020 0.0001020 0.4883194
0.0001024 0.0555273 0.0364064 0.0318295 0.8761345
0.5392776 0.0001019 0.0001019 0.0001019 0.4604166
0.4726737 0.1199113 0.0001018 0.0001018 0.4072114
0.0001025 0.0001025 0.2559556 0.7015320 0.0423073
0.0001024 0.0001024 0.0785892 0.8913602 0.0298458
0.2610834 0.0001004 0.7386153 0.0001004 0.0001004
0.0001027 0.0264856 0.8708627 0.0264985 0.0760505
0.0001024 0.0001024 0.0788049 0.8781050 0.0428853
0.2550350 0.0001008 0.7446625 0.0001008 0.0001008
0.4729408 0.0001023 0.0045366 0.0001023 0.5223181
0.2566553 0.0001008 0.7430423 0.0001008 0.0001008
0.2640998 0.0001007 0.7355981 0.0001007 0.0001007
0.0001025 0.0001025 0.2538228 0.7071224 0.0388497
0.5446562 0.0001024 0.0034233 0.0001024 0.4517158
0.4727810 0.0001022 0.0011031 0.0001022 0.5259115
0.0001024 0.0754635 0.0259417 0.0436290 0.8548633
0.0001027 0.0404123 0.8451036 0.0254920 0.0888893
0.5102302 0.0008961 0.0001023 0.0056082 0.4831633
0.0898622 0.9098310 0.0001022 0.0001022 0.0001022
0.5147320 0.0001020 0.0001020 0.0001020 0.4849619
0.3726533 0.0062171 0.0001023 0.0114721 0.6095553
0.5101244 0.0001020 0.0001020 0.0001020 0.4895695
0.0828763 0.8928681 0.0069543 0.0067214 0.0105799
0.0115634 0.0498782 0.0587661 0.0203698 0.8594226
0.5346442 0.0001021 0.0001021 0.0001021 0.4650495
0.5315310 0.0001020 0.0001020 0.0001020 0.4681630
0.5319065 0.0001019 0.0001019 0.0001019 0.4677877
0.0028164 0.7419957 0.1838450 0.0125416 0.0588012
0.0001024 0.0713367 0.0193151 0.0313951 0.8778507
0.5069022 0.0001019 0.0001019 0.0001019 0.4927921
0.5213210 0.0001020 0.0001020 0.0001020 0.4783731
0.5306333 0.0001019 0.0001019 0.0001019 0.4690607
0.4212678 0.0108675 0.0001024 0.0001024 0.5676599
0.5844541 0.0001020 0.0001020 0.0001020 0.4152399
0.4572707 0.0001021 0.0001021 0.0001021 0.5424230
0.5101103 0.0001020 0.0001020 0.0001020 0.4895838
0.0041073 0.0795012 0.0556041 0.0001024 0.8606851
0.5098389 0.0001020 0.0001020 0.0001020 0.4898551
0.0644524 0.0001021 0.0001021 0.9352414 0.0001021
0.0001024 0.9296724 0.0001024 0.0006024 0.0695204
0.0001022 0.9272317 0.0001022 0.0001022 0.0724618
0.4450580 0.0001023 0.0001023 0.0086336 0.5461037
0.3177609 0.6819399 0.0000997 0.0000997 0.0000997
0.0001026 0.1612571 0.6283932 0.1046826 0.1055643
0.2920513 0.0914147 0.5931760 0.0232561 0.0001018
0.5261465 0.0001021 0.0001021 0.0001021 0.4735470
0.0001025 0.9043118 0.0001025 0.0113347 0.0841485
0.0483613 0.9181393 0.0001025 0.0139579 0.0194390
0.0757671 0.9125749 0.0001025 0.0001025 0.0114529
0.0534363 0.9308236 0.0001024 0.0009907 0.0146469
0.0653027 0.0001019 0.0001019 0.9343915 0.0001019
0.0001026 0.1548993 0.5968363 0.1387818 0.1093801
0.0001024 0.9245009 0.0063470 0.0001024 0.0689473
0.0001023 0.9254619 0.0001023 0.0001023 0.0742312
0.4370635 0.0001019 0.0001019 0.0001019 0.5626308
0.4037118 0.0192559 0.0001023 0.0051079 0.5718221
0.0001025 0.9161042 0.0001025 0.0009903 0.0827005
0.0814811 0.9020564 0.0001023 0.0162579 0.0001023
0.0001023 0.9292405 0.0001023 0.0001023 0.0704526
0.4978105 0.0001017 0.0001017 0.0001017 0.5018846
0.0001026 0.2112614 0.5820752 0.0970746 0.1094862
0.0615814 0.9256175 0.0001022 0.0001022 0.0125967
0.0001022 0.9243008 0.0001022 0.0001022 0.0753924
0.0001026 0.1706370 0.6296669 0.0919227 0.1076707
0.0001024 0.0312053 0.0001024 0.9405168 0.0280729
0.0001024 0.8990304 0.0001024 0.0253212 0.0754435
0.0001023 0.9299136 0.0001023 0.0001023 0.0697796
0.0001023 0.9179914 0.0001023 0.0001023 0.0817015
0.0001024 0.9250294 0.0001024 0.0001024 0.0746635
0.2445313 0.0000999 0.0000999 0.7551691 0.0000999
0.5182076 0.0001018 0.0001018 0.0001018 0.4814870
0.4473830 0.0099625 0.0001024 0.0263008 0.5162514
0.0610824 0.9207695 0.0001024 0.0001024 0.0179432
0.0001022 0.9219668 0.0001022 0.0001022 0.0777265
0.5245410 0.0001022 0.0001022 0.0001022 0.4751523
0.4733059 0.0001023 0.0001023 0.0014151 0.5250743
0.0119358 0.1059626 0.0208279 0.0329768 0.8282969
0.5149694 0.0001022 0.0001022 0.0001022 0.4847239
0.4483814 0.0001023 0.0074543 0.0001023 0.5439597
0.0001024 0.9202388 0.0001024 0.0001024 0.0794538
0.0001024 0.9268473 0.0001024 0.0001024 0.0728455
0.0001025 0.1757683 0.6102976 0.0930123 0.1208191
0.0001023 0.9351777 0.0001023 0.0001023 0.0645153
0.5291092 0.0001020 0.0001020 0.0001020 0.4705846
0.0001024 0.9122299 0.0001024 0.0001024 0.0874629
0.0001026 0.1375186 0.6517245 0.0923201 0.1183342
0.0001024 0.9077044 0.0001024 0.0220294 0.0700615
0.4934743 0.0001023 0.0001023 0.0001023 0.5062189
0.0001024 0.9024700 0.0269829 0.0001024 0.0703422
0.5241449 0.0001020 0.0001020 0.0001020 0.4755492
0.0505295 0.9197074 0.0001024 0.0001024 0.0295583
0.4900526 0.0001022 0.0001022 0.0001022 0.5096410
0.2539659 0.7457334 0.0001002 0.0001002 0.0001002
0.2858621 0.7138352 0.0001009 0.0001009 0.0001009
0.0543783 0.0001021 0.0001021 0.9453153 0.0001021
0.4364162 0.0006360 0.0033701 0.0001023 0.5594755
0.0001024 0.9178204 0.0001024 0.0208915 0.0610833
0.1028749 0.8951537 0.0001025 0.0017664 0.0001025
