0.8897792 0.0250086 0.0115333 0.0736789
0.8868238 0.0194169 0.0001014 0.0936578
0.9404182 0.0503911 0.0090892 0.0001014
0.8807131 0.0307240 0.0165803 0.0719826
0.0142819 0.5468113 0.0185831 0.4203237
0.9219343 0.0778631 0.0001013 0.0001013
0.9407698 0.0460274 0.0131014 0.0001013
0.9175532 0.0639147 0.0184307 0.0001014
0.9351482 0.0646496 0.0001011 0.0001011
0.9202545 0.0597446 0.0198994 0.0001014
0.0001006 0.5364423 0.0001006 0.4633564
0.7667373 0.0265622 0.0001012 0.2065993
0.0274175 0.5458071 0.0001011 0.4266743
0.6940629 0.0000988 0.0000988 0.3057394
0.8851953 0.0511108 0.0635924 0.0001014
0.0898336 0.7751872 0.1348777 0.0001015
0.6908001 0.0000991 0.0000991 0.3090017
0.0912262 0.7244567 0.0781014 0.1062157
0.9022260 0.0626377 0.0350348 0.0001015
0.9075426 0.0532759 0.0390800 0.0001014
0.7184278 0.0000992 0.0000992 0.2813738
0.0001005 0.5301348 0.0001005 0.4696641
0.8760642 0.0234462 0.0253859 0.0751038
0.8920732 0.0740114 0.0338139 0.0001014
0.0001004 0.5371913 0.0001004 0.4626078
0.0001007 0.5697009 0.0001007 0.4300977
0.0203612 0.6680546 0.0789033 0.2326809
0.0001009 0.5113439 0.0001009 0.4884543
0.9099460 0.0592127 0.0307398 0.0001014
0.7533333 0.0000993 0.0000993 0.2464681
0.0001012 0.5120336 0.0076928 0.4801724
0.0001007 0.5470585 0.0001007 0.4527400
0.9003181 0.0775402 0.0220402 0.0001015
0.0127491 0.6211272 0.0409306 0.3251931
0.0001009 0.5556319 0.0001009 0.4441662
0.0492415 0.7746743 0.1759827 0.0001015
0.0001013 0.1083919 0.8914053 0.0001013
0.0001011 0.5232680 0.0001011 0.4765299
0.5603001 0.0000994 0.0271257 0.4124748
0.0020641 0.4986762 0.0001010 0.4991588
0.0001011 0.5644408 0.0001011 0.4353570
0.0001008 0.5055881 0.0001008 0.4942102
0.0001015 0.1010254 0.8987716 0.0001015
0.1586758 0.0000992 0.5220335 0.3191915
0.0001010 0.6011839 0.0001010 0.3986142
0.0001004 0.5626472 0.0001004 0.4371521
0.0001004 0.5605927 0.0001004 0.4392064
0.0001006 0.5541485 0.0001006 0.4456502
0.0001008 0.5754952 0.0001008 0.4243032
0.5683408 0.0000993 0.0000993 0.4314605
0.8788844 0.0024427 0.0001013 0.1185716
0.0001008 0.5205087 0.0001008 0.4792896
0.0014893 0.5875092 0.0001011 0.4109005
0.1074253 0.7546548 0.1378184 0.0001015
0.2553712 0.0068377 0.7309976 0.0067934
0.2419700 0.0124813 0.7454475 0.0001011
0.2458848 0.0152836 0.7299649 0.0088667
0.2680011 0.0043345 0.7275634 0.0001011
0.8989099 0.0603961 0.0405925 0.0001014
0.0118241 0.5589726 0.0087970 0.4204064
0.5978938 0.0000992 0.0000992 0.4019078
0.0001012 0.5098650 0.0088170 0.4812168
0.7406206 0.1906278 0.0686501 0.0001015
0.0001009 0.5751563 0.0001009 0.4246419
0.8836321 0.0004936 0.0008990 0.1149753
0.9040545 0.0856128 0.0102312 0.0001015
0.0001014 0.1128709 0.8869264 0.0001014
0.0001015 0.0920175 0.9077795 0.0001015
0.8774061 0.0713291 0.0511633 0.0001015
0.8569286 0.0194757 0.0378742 0.0857216
0.3381811 0.0425487 0.6191689 0.0001012
0.9014255 0.0567908 0.0416822 0.0001014
0.8548155 0.0153771 0.0403160 0.0894914
0.8795915 0.0657577 0.0545493 0.0001015
0.8502262 0.0830794 0.0665929 0.0001015
0.0001015 0.0446999 0.8429395 0.1122591
0.0001004 0.0001004 0.7050296 0.2947696
0.9023191 0.0667863 0.0307932 0.0001014
0.0001014 0.1037754 0.8960217 0.0001014
0.0295486 0.0684367 0.9012985 0.0007162
0.6108450 0.0000994 0.0000994 0.3889562
0.6413004 0.0000998 0.0000998 0.3585000
0.5607404 0.0000992 0.0000992 0.4390613
0.6314957 0.0000998 0.0067285 0.3616759
0.2664824 0.0056012 0.7278153 0.0001011
0.2473418 0.0154943 0.7370628 0.0001011
0.2351461 0.0100020 0.7547508 0.0001011
0.6116564 0.0000994 0.0000994 0.3881447
0.2264100 0.0001011 0.7633698 0.0101192
0.8045242 0.0537450 0.1183874 0.0233434
0.2751466 0.0035389 0.7212134 0.0001011
0.5851532 0.0000995 0.0172891 0.3974582
0.2466667 0.0001010 0.7362423 0.0169900
0.2534656 0.0107621 0.7356712 0.0001011
0.6430741 0.0000996 0.0000996 0.3567267
0.2628085 0.0001010 0.7369896 0.0001010
0.2413200 0.0050043 0.7535746 0.0001010
0.0001008 0.5562403 0.0001008 0.4435582
0.6607361 0.0000987 0.0000987 0.3390665
0.0174086 0.5581520 0.0220431 0.4023963
0.2288447 0.0152138 0.7558403 0.0001011
0.1294100 0.0000993 0.5569270 0.3135637
0.6055010 0.0000999 0.0432198 0.3511792
0.6459747 0.0000999 0.0000999 0.3538255
0.2713588 0.0110957 0.7148297 0.0027158
0.0161313 0.0845077 0.8916270 0.0077340
0.6396013 0.0000997 0.0000997 0.3601993
0.2659893 0.0070533 0.7268564 0.0001011
0.1093567 0.0000993 0.5741341 0.3164099
0.0001001 0.0001001 0.6998953 0.2999046
0.1083106 0.0000989 0.5285400 0.3630505
0.0001009 0.5025674 0.0001009 0.4972308
0.0997072 0.7627035 0.1374877 0.0001015
0.0001009 0.5891114 0.0001009 0.4106868
0.0236250 0.5215839 0.0213139 0.4334773
0.0001012 0.5903109 0.0174288 0.3921591
0.0001002 0.4992824 0.0001002 0.5005171
0.0001011 0.5029812 0.0001011 0.4968166
0.0001007 0.5453436 0.0001007 0.4544550
0.0149275 0.5026418 0.0001010 0.4823297
0.0001012 0.5544590 0.0118578 0.4335821
0.0001008 0.5889981 0.0001008 0.4108002
0.0001008 0.5359642 0.0001008 0.4638342
0.0032807 0.5162202 0.0001010 0.4803980
0.0001012 0.5644202 0.0329823 0.4024962
0.0069401 0.5711887 0.0202990 0.4015721
0.0255242 0.5440214 0.0001012 0.4303531
0.0001012 0.5765925 0.0001012 0.4232050
0.0001008 0.5207828 0.0001008 0.4790155
0.0001009 0.5629779 0.0001009 0.4368203
0.0001004 0.5491826 0.0001004 0.4506167
0.0058856 0.5243445 0.0001011 0.4696688
0.0001008 0.5244271 0.0001008 0.4753712
0.0001010 0.5252786 0.0001010 0.4745193
0.0036755 0.5974323 0.0027996 0.3960926
0.0001007 0.5341873 0.0001007 0.4656112
0.0922036 0.7672864 0.1404085 0.0001015
0.0341054 0.5771628 0.0001012 0.3886305
0.0001012 0.5768591 0.0087393 0.4143004
0.0001011 0.5779073 0.0024122 0.4195795
0.0001012 0.6052963 0.0035331 0.3910693
0.0001012 0.6043736 0.0052913 0.3902339
0.0001005 0.5464671 0.0001005 0.4533319
0.0001011 0.5948438 0.0108528 0.3942022
0.0001006 0.5811472 0.0001006 0.4186515
0.0090645 0.5813257 0.0026064 0.4070034
0.0534529 0.6341544 0.0057550 0.3066377
0.0001007 0.5007248 0.0001007 0.4990739
0.0001003 0.5208511 0.0001003 0.4789481
0.0001003 0.5077940 0.0001003 0.4920053
0.0001009 0.5223461 0.0001009 0.4774522
0.0853399 0.7553299 0.1040128 0.0553174
0.0001007 0.5437068 0.0001007 0.4560918
0.0918485 0.7835891 0.1244608 0.0001015
0.0001011 0.5298222 0.0108265 0.4592502
0.0071820 0.5749390 0.0076727 0.4102063
0.0001006 0.5380625 0.0001006 0.4617363
0.0001004 0.5530797 0.0001004 0.4467196
0.0001011 0.5223796 0.0001011 0.4774183
0.0001009 0.5303199 0.0001009 0.4694782
0.0001008 0.5266449 0.0001008 0.4731533
0.0001002 0.5417225 0.0001002 0.4580769
0.0137813 0.6412927 0.0310613 0.3138648
0.0001005 0.5427306 0.0001005 0.4570683
0.0001009 0.5772781 0.0001009 0.4225202
0.0033639 0.5720142 0.0001010 0.4245209
0.1141629 0.7645304 0.1212053 0.0001014
0.1302617 0.7508475 0.1187893 0.0001015
0.0001007 0.5169631 0.0001007 0.4828355
0.1039757 0.7559473 0.1399755 0.0001015
0.0001007 0.5315942 0.0001007 0.4682043
0.0026085 0.5913413 0.0024002 0.4036500
0.0001012 0.5674982 0.0078703 0.4245303
0.0001012 0.5689415 0.0275720 0.4033852
0.0119880 0.5845322 0.0088521 0.3946277
0.0001002 0.5038415 0.0001002 0.4959581
0.0043798 0.5606735 0.0158847 0.4190620
0.0004184 0.5640749 0.0016492 0.4338575
0.0001009 0.5404497 0.0001009 0.4593484
0.0001004 0.5375159 0.0001004 0.4622832
0.0189098 0.5593180 0.0114473 0.4103249
0.1222323 0.7687742 0.1088920 0.0001015
0.0001010 0.5253012 0.0001010 0.4744968
0.0001005 0.5266106 0.0001005 0.4731885
0.0001012 0.5798566 0.0039332 0.4161090
0.0156924 0.5783540 0.0120144 0.3939392
0.0001007 0.5107610 0.0001007 0.4890376
0.0863005 0.6857755 0.0588319 0.1690922
0.0168278 0.6199009 0.0001012 0.3631700
0.0798593 0.7751860 0.1448532 0.0001015
0.0001007 0.5183969 0.0001007 0.4814018
0.0017461 0.5430110 0.0085467 0.4466962
0.0001012 0.5727126 0.0093224 0.4178637
0.0001013 0.5871845 0.0117515 0.4009627
0.0001010 0.5252732 0.0001010 0.4745247
0.0001008 0.5354472 0.0001008 0.4643512
0.0008385 0.5118832 0.0083822 0.4788960
0.0918290 0.7604617 0.1476078 0.0001015
0.0001011 0.5274291 0.0001011 0.4723687
0.0001006 0.5356680 0.0001006 0.4641308
0.0001003 0.5404922 0.0001003 0.4593072
0.0861849 0.7143032 0.0903885 0.1091233
0.0001004 0.5395883 0.0001004 0.4602109
0.0001011 0.5844549 0.0001011 0.4153429
0.0760447 0.7716783 0.1521756 0.0001014
0.0790365 0.7769420 0.1439200 0.0001014
0.0001009 0.5846167 0.0001009 0.4151815
0.0736470 0.7090862 0.0794830 0.1377839
0.0001011 0.5113579 0.0126205 0.4759204
0.0978809 0.7829738 0.1190438 0.0001015
0.0001006 0.5811605 0.0001006 0.4186382
0.0001011 0.5838808 0.0001011 0.4159169
0.0001007 0.5350109 0.0001007 0.4647877
0.0131415 0.5650398 0.0058870 0.4159317
0.0001011 0.5106381 0.0188915 0.4703693
0.0576321 0.6365127 0.0110199 0.2948353
0.0001009 0.5996643 0.0001009 0.4001340
0.0001007 0.5792281 0.0001007 0.4205705
0.0001004 0.5326646 0.0001004 0.4671346
0.0001012 0.5916912 0.0025308 0.4056767
0.0001009 0.5756460 0.0001009 0.4241520
0.3116729 0.0687488 0.6194771 0.0001012
0.9147379 0.0697208 0.0154398 0.0001015
0.0001016 0.0957930 0.9040038 0.0001016
0.9297589 0.0676481 0.0024915 0.0001014
0.0001010 0.5139887 0.0001010 0.4858093
0.0750503 0.7747743 0.1500738 0.0001015
0.3085378 0.0656445 0.6257164 0.0001012
0.7482569 0.0000993 0.0000993 0.2515446
0.0001012 0.5797274 0.0095895 0.4105819
0.0103222 0.5986336 0.0012426 0.3898015
0.1106312 0.7846810 0.1045863 0.0001014
0.0001009 0.5156499 0.0001009 0.4841483
0.0088196 0.6343950 0.0693605 0.2874249
0.0001010 0.5227731 0.0001010 0.4770248
0.0035575 0.5899261 0.0002268 0.4062896
0.0001009 0.5215694 0.0001009 0.4782288
0.0001001 0.5493073 0.0001001 0.4504924
0.0001010 0.5266824 0.0001010 0.4731156
0.0847532 0.7731211 0.1420242 0.0001015
0.0001007 0.5425122 0.0001007 0.4572864
0.0001010 0.5258089 0.0001010 0.4739890
0.0001011 0.5432321 0.0001011 0.4565657
0.0001015 0.0822633 0.9175335 0.0001015
0.0008575 0.5893719 0.0001009 0.4096697
0.0001005 0.4976925 0.0001005 0.5021066
0.0001012 0.5952169 0.0144712 0.3902107
0.0001005 0.5420250 0.0001005 0.4577739
0.0001011 0.5270093 0.0001011 0.4727885
0.0057001 0.5407746 0.0001010 0.4534243
0.0001008 0.5229936 0.0001008 0.4768047
0.0832417 0.7688898 0.1477669 0.0001015
0.0001007 0.5255982 0.0001007 0.4742003
0.1015035 0.7551954 0.1431996 0.0001015
0.0001012 0.5764347 0.0022409 0.4212232
0.0001007 0.5200654 0.0001007 0.4797332
0.0001007 0.5222083 0.0001007 0.4775903
0.0076786 0.5842331 0.0547037 0.3533845
0.0385415 0.6739721 0.0707777 0.2167087
0.0001006 0.5408211 0.0001006 0.4589777
0.1111445 0.7729602 0.1157939 0.0001015
0.0001007 0.5444555 0.0001007 0.4553430
0.0086128 0.5981780 0.0780228 0.3151864
0.0001008 0.5358342 0.0001008 0.4639642
0.0066224 0.5871868 0.0066958 0.3994949
0.0001001 0.5507619 0.0001001 0.4490378
0.0104128 0.5849367 0.0001012 0.4045492
0.0425649 0.5745555 0.0001013 0.3827783
0.0214670 0.5611766 0.0295202 0.3878361
0.0716337 0.7155653 0.0868527 0.1259482
0.0001010 0.5163645 0.0001010 0.4834335
0.0001008 0.5318925 0.0001008 0.4679057
0.0446335 0.6441546 0.0001012 0.3111107
0.0816497 0.7691638 0.1490851 0.0001015
0.0001007 0.5313480 0.0001007 0.4684506
0.0001012 0.5579820 0.0152760 0.4266409
0.0001006 0.5419867 0.0001006 0.4578120
0.0273315 0.6179920 0.0356915 0.3189849
0.0001005 0.5220229 0.0001005 0.4777760
0.0001012 0.6255016 0.0030194 0.3713779
0.0001005 0.5451044 0.0001005 0.4546944
0.0001008 0.5330088 0.0001008 0.4667895
0.1132643 0.7518080 0.1348261 0.0001015
0.0001009 0.5942528 0.0001009 0.4055454
0.0001005 0.5302815 0.0001005 0.4695174
0.0001011 0.4907452 0.0232084 0.4859453
0.0197638 0.5589004 0.0040934 0.4172425
0.0001009 0.5693126 0.0001009 0.4304855
0.0066990 0.5105750 0.0001009 0.4826250
0.0095160 0.5028609 0.0053594 0.4822638
0.0132600 0.5593873 0.0001012 0.4272515
0.1154911 0.7520225 0.1323848 0.0001015
0.0050585 0.5443709 0.0081832 0.4423873
0.0001008 0.5285935 0.0001008 0.4712049
0.0001009 0.5263542 0.0001009 0.4734439
0.1129613 0.7647296 0.1222077 0.0001015
0.0948203 0.7604772 0.1446009 0.0001015
0.0001012 0.6045088 0.0326711 0.3627190
0.0001007 0.5609628 0.0001007 0.4388357
0.0215396 0.5791166 0.0009623 0.3983814
0.0038614 0.5917237 0.0098688 0.3945461
0.0001012 0.5609648 0.0114353 0.4274987
0.0001005 0.5308971 0.0001005 0.4689019
0.0001012 0.5749987 0.0001012 0.4247989
0.0001007 0.5198578 0.0001007 0.4799407
0.0183281 0.5771056 0.0065426 0.3980238
0.0001008 0.5437295 0.0001008 0.4560688
0.0001005 0.5231435 0.0001005 0.4766553
0.0392037 0.6735651 0.1084878 0.1787435
0.0412604 0.6754155 0.1046565 0.1786676
0.0001012 0.5684330 0.0249562 0.4065096
0.0259249 0.5561834 0.0001012 0.4177905
0.0674686 0.7132708 0.1132102 0.1060505
0.0059541 0.5886213 0.0086317 0.3967930
0.0427992 0.5424567 0.0058581 0.4088859
0.0001006 0.5505117 0.0001006 0.4492871
0.0712415 0.7901540 0.1385032 0.0001013
0.0001009 0.5388590 0.0001009 0.4609393
0.0717725 0.7916771 0.1364490 0.0001014
0.0001007 0.5317940 0.0001007 0.4680046
0.0001012 0.5405493 0.0054470 0.4539025
0.0001007 0.5976357 0.0001007 0.4021629
0.0001007 0.5744873 0.0001007 0.4253112
0.0001006 0.5262156 0.0001006 0.4735833
0.0001010 0.5134103 0.0050550 0.4814336
0.0001011 0.5736302 0.0027054 0.4235633
0.0001010 0.5418879 0.0001010 0.4579102
0.0001009 0.5212114 0.0001009 0.4785869
0.0001008 0.5432231 0.0001008 0.4565751
0.0001005 0.5243776 0.0001005 0.4754214
0.0942286 0.7850708 0.1205992 0.0001015
0.0001002 0.5121838 0.0001002 0.4876156
0.0920092 0.7674470 0.1404424 0.0001014
0.0001010 0.5822884 0.0001010 0.4175095
0.0001009 0.5693985 0.0001009 0.4303998
0.0001007 0.4998184 0.0001007 0.4999803
0.0001004 0.5131199 0.0001004 0.4866793
0.0001009 0.5390278 0.0001009 0.4607703
0.0011053 0.5822363 0.0001010 0.4165573
0.0031322 0.5606677 0.0179385 0.4182616
0.0001007 0.5261257 0.0001007 0.4736728
0.0001010 0.5303622 0.0001010 0.4694358
0.0237244 0.5867929 0.0028249 0.3866577
0.0001008 0.5371268 0.0001008 0.4626716
0.0001009 0.5336004 0.0001009 0.4661978
0.0001007 0.5378112 0.0001007 0.4619874
0.0001008 0.5235528 0.0001008 0.4762456
0.0001008 0.5256023 0.0001008 0.4741960
0.0080674 0.6294396 0.0458014 0.3166915
0.0863643 0.7670506 0.1464836 0.0001015
0.0001005 0.5321022 0.0001005 0.4676968
0.0001004 0.5420250 0.0001004 0.4577742
0.0001006 0.5307910 0.0001006 0.4690077
0.0001010 0.5372140 0.0001010 0.4625840
0.0001006 0.4926930 0.0001006 0.5071058
0.0001009 0.5512165 0.0001009 0.4485816
0.0058431 0.5738762 0.0001012 0.4201795
0.0001012 0.5639367 0.0164793 0.4194827
0.0001012 0.5996065 0.0001012 0.4001911
0.0001003 0.5695648 0.0001003 0.4302346
0.0076288 0.5623992 0.0368372 0.3931347
0.0001008 0.5464191 0.0001008 0.4533792
0.0000999 0.5205280 0.0000999 0.4792722
0.0001009 0.6037520 0.0001009 0.3960461
0.0001011 0.5152127 0.0011348 0.4835514
0.0001010 0.5198229 0.0001010 0.4799750
0.0001003 0.4987280 0.0001003 0.5010715
0.0223912 0.5790431 0.0001011 0.3984646
0.0001009 0.5156174 0.0001009 0.4841807
0.0091155 0.5825599 0.0001012 0.4082234
0.0001009 0.5226412 0.0001009 0.4771568
0.0001012 0.5187610 0.0178589 0.4632788
0.0001010 0.4976236 0.0001010 0.5021744
0.0001011 0.5876218 0.0001011 0.4121760
0.0257808 0.5848706 0.0001012 0.3892475
0.0001013 0.5884633 0.0215688 0.3898665
0.0098911 0.5960929 0.0001012 0.3939148
0.0019673 0.5318570 0.0030063 0.4631694
0.0163465 0.5990406 0.0040343 0.3805785
0.0001008 0.5184752 0.0001008 0.4813232
0.0001003 0.5481838 0.0001003 0.4516156
0.0164278 0.5872523 0.0001012 0.3962187
0.0942280 0.7928153 0.1128552 0.0001015
0.0001007 0.5108535 0.0001007 0.4889451
0.0001006 0.5027891 0.0001006 0.4970097
0.0001012 0.5653962 0.0224469 0.4120557
0.0001374 0.5864404 0.0001010 0.4133212
0.0001008 0.5255007 0.0001008 0.4742976
0.0001008 0.5319348 0.0001008 0.4678637
0.0855924 0.7886410 0.1256652 0.0001014
0.0001012 0.5949106 0.0087669 0.3962213
0.0255511 0.5902399 0.0108833 0.3733258
0.0001007 0.4785289 0.0001007 0.5212696
0.0001006 0.5421126 0.0001006 0.4576861
0.0001009 0.5157471 0.0001009 0.4840510
0.0071128 0.6085119 0.0001012 0.3842740
0.0003928 0.5736452 0.0187663 0.4071957
0.0001012 0.5811108 0.0060909 0.4126971
0.0006869 0.5742008 0.0079808 0.4171314
0.0001010 0.5404854 0.0001010 0.4593126
0.0001012 0.5894192 0.0032124 0.4072671
0.0001010 0.5388687 0.0001010 0.4609293
0.0143683 0.5893358 0.0320632 0.3642326
0.0001009 0.5343919 0.0001009 0.4654063
0.0001005 0.5293592 0.0001005 0.4704398
0.0001017 0.5787442 0.0065331 0.4146210
0.0001008 0.5215918 0.0001008 0.4782065
0.1011242 0.7912784 0.1074959 0.0001015
0.0107690 0.5713235 0.0001011 0.4178064
0.0001011 0.5969539 0.0117395 0.3912055
0.0001005 0.5044351 0.0001005 0.4953640
0.0001009 0.5624150 0.0001009 0.4373832
0.0071950 0.5091930 0.0001011 0.4835109
0.0004838 0.5187090 0.0001012 0.4807060
0.0001006 0.5306440 0.0001006 0.4691549
0.0001012 0.5237540 0.0153855 0.4607593
0.0001009 0.5709723 0.0001009 0.4288259
0.0001004 0.5261773 0.0001004 0.4736219
0.0233699 0.6011280 0.0126460 0.3628560
0.0034613 0.5731614 0.0030829 0.4202944
0.0251010 0.5582132 0.0001011 0.4165847
0.0001008 0.5181948 0.0001008 0.4816035
0.0933449 0.7509420 0.0716062 0.0841069
0.0257909 0.6237676 0.0001013 0.3503402
0.0128812 0.5647680 0.0013329 0.4210179
0.0047752 0.5132203 0.0001008 0.4819037
0.0008174 0.5776572 0.0001012 0.4214241
0.0043368 0.5768875 0.0082028 0.4105729
0.0001005 0.5223582 0.0001005 0.4774407
0.0057876 0.5423720 0.0208626 0.4309778
0.0948704 0.2705585 0.2564850 0.3780860
0.0001009 0.5219849 0.0001009 0.4778132
0.0744084 0.7695543 0.1559359 0.0001015
0.0001009 0.5399094 0.0001009 0.4598888
0.0178138 0.6162102 0.0138193 0.3521567
0.1046960 0.7119173 0.0874397 0.0959470
0.0001010 0.5123583 0.0001010 0.4874396
0.0885734 0.7891277 0.1221974 0.0001015
0.0001137 0.5621588 0.0001010 0.4376265
0.0836084 0.7784687 0.1378214 0.0001015
0.0001010 0.5205618 0.0001010 0.4792362
0.0001010 0.5288311 0.0001010 0.4709669
0.0001012 0.5900604 0.0043248 0.4055136
0.0001007 0.5375929 0.0001007 0.4622057
0.1083362 0.7861644 0.1053979 0.0001015
0.0623953 0.7175137 0.0904228 0.1296681
0.0977752 0.7642685 0.1378548 0.0001015
0.0001006 0.5336432 0.0001006 0.4661555
0.0001005 0.5524068 0.0001005 0.4473920
0.0001010 0.5735130 0.0001010 0.4262851
0.0001010 0.5214623 0.0001010 0.4783357
0.0136125 0.5256776 0.0001011 0.4606088
0.0001005 0.5151666 0.0001005 0.4846323
0.0980568 0.7586208 0.1432209 0.0001015
0.0043740 0.5414314 0.0223232 0.4318714
0.0001012 0.5588221 0.0060828 0.4349939
0.0001012 0.5408894 0.0108858 0.4481235
0.0717486 0.7797562 0.1483936 0.0001015
0.0231809 0.5471024 0.0051998 0.4245170
0.0001005 0.5402097 0.0001005 0.4595892
0.0001012 0.5712703 0.0379152 0.3907133
0.0001011 0.5494614 0.0001011 0.4503363
0.0001006 0.5875781 0.0001006 0.4122207
0.0001012 0.5041716 0.0079022 0.4878252
0.0180480 0.5762806 0.0186130 0.3870584
0.0001001 0.5111828 0.0001001 0.4886168
0.0890061 0.7696450 0.1412472 0.0001015
0.1007831 0.7551868 0.1420554 0.0019747
0.7192397 0.0000989 0.0000989 0.2805624
0.8971642 0.0699875 0.0327470 0.0001014
0.9360263 0.0637715 0.0001011 0.0001011
0.9270281 0.0586013 0.0142692 0.0001014
0.0001009 0.5319557 0.0001009 0.4678426
0.9066017 0.0743020 0.0189949 0.0001015
0.0001014 0.0559600 0.8659759 0.0779627
0.0001015 0.0875002 0.9122968 0.0001015
0.0001015 0.0720991 0.8206326 0.1071668
0.0001012 0.5937502 0.0349297 0.3712188
0.0001015 0.0620714 0.8689201 0.0689070
0.0001016 0.0928617 0.9069352 0.0001016
0.0001016 0.1082112 0.8915856 0.0001016
0.0751507 0.7736608 0.1510870 0.0001015
0.0001009 0.5439269 0.0001009 0.4558713
0.0077245 0.5491582 0.0175142 0.4256032
0.0878484 0.7801869 0.1318632 0.0001015
0.0001008 0.5313634 0.0001008 0.4684349
0.0066651 0.5281381 0.0055082 0.4596886
0.0001003 0.5295224 0.0001003 0.4702770
0.0062352 0.5605271 0.0051804 0.4280573
0.0001010 0.5695266 0.0001010 0.4302714
0.0001005 0.4865371 0.0001005 0.5132620
0.0001009 0.5478233 0.0001009 0.4519749
0.0033612 0.5571554 0.0172919 0.4221915
0.0950350 0.7640181 0.1408454 0.0001015
0.0001013 0.5827700 0.0103338 0.4067949
0.0019366 0.5922358 0.0001010 0.4057265
0.0001003 0.5272943 0.0001003 0.4725049
0.0773486 0.7779756 0.1445743 0.0001015
0.0001008 0.5342321 0.0001008 0.4655664
0.0518923 0.6817428 0.0135192 0.2528456
0.0001006 0.5301511 0.0001006 0.4696476
0.0001003 0.5390659 0.0001003 0.4607335
0.0001010 0.5363289 0.0001010 0.4634692
0.0117364 0.5827626 0.0082150 0.3972861
0.0875330 0.7700284 0.1423370 0.0001015
0.0001008 0.5357105 0.0001008 0.4640878
0.0001012 0.5807553 0.0001012 0.4190423
0.0001009 0.5765499 0.0001009 0.4232482
0.0140420 0.5661111 0.0001012 0.4197457
0.0001003 0.5763697 0.0001003 0.4234298
0.0133356 0.5325600 0.0001011 0.4540034
0.0579659 0.6912545 0.1321820 0.1185976
0.0001012 0.5696989 0.0090264 0.4211735
0.0079102 0.5601518 0.0001011 0.4318369
0.0001011 0.5917225 0.0194378 0.3887385
0.0001012 0.5787570 0.0219517 0.3991901
0.2628015 0.2895344 0.0001002 0.4475640
0.0001008 0.5274109 0.0001008 0.4723874
0.0001006 0.5505437 0.0001006 0.4492551
0.0001007 0.5102941 0.0001007 0.4895045
0.0001006 0.5364881 0.0001006 0.4633106
0.0025507 0.5495527 0.0001011 0.4477955
0.0077841 0.5794678 0.0084366 0.4043115
0.0001006 0.5543705 0.0001006 0.4454283
0.0001012 0.5936853 0.0164159 0.3897976
0.0070044 0.5947186 0.0088673 0.3894096
0.0001008 0.5353195 0.0001008 0.4644789
0.0754148 0.7906755 0.1338082 0.0001015
0.0001006 0.5121161 0.0001006 0.4876826
0.1169270 0.4543154 0.0001006 0.4286571
0.0308931 0.0759567 0.8930486 0.0001016
0.0001014 0.0861535 0.9136437 0.0001014
0.1399552 0.0000992 0.5360906 0.3238550
0.2544673 0.0015261 0.7343175 0.0096892
0.0001014 0.0969593 0.9028378 0.0001014
0.1233387 0.0000994 0.5681569 0.3084050
0.0001012 0.5576279 0.0084584 0.4338126
0.1381754 0.0000993 0.5519395 0.3097856
0.1352626 0.0000993 0.5468580 0.3177801
0.0252104 0.0716046 0.8952829 0.0079021
0.0001011 0.5015073 0.0001011 0.4982905
0.0001012 0.5618503 0.0040452 0.4340034
0.0916674 0.7730342 0.1351969 0.0001015
0.2628331 0.0165367 0.7154863 0.0051438
0.0033532 0.5291510 0.0001012 0.4673946
0.8903180 0.0053814 0.0001011 0.1041994
0.0007916 0.5318106 0.0001008 0.4672970
0.0176441 0.6250470 0.0206689 0.3366399
0.0001008 0.5352021 0.0001008 0.4645962
0.8767933 0.0217211 0.0058315 0.0956541
0.0784355 0.7794932 0.1419698 0.0001015
0.0001008 0.5145054 0.0001008 0.4852930
0.0001007 0.5175008 0.0001007 0.4822977
0.0001006 0.5181121 0.0001006 0.4816866
0.7756644 0.0365220 0.1634223 0.0243913
0.0867122 0.7928995 0.1202868 0.0001014
0.0001007 0.5408804 0.0001007 0.4589181
0.0001008 0.5269185 0.0001008 0.4728800
0.0001007 0.5202351 0.0001007 0.4795635
0.0156875 0.5888788 0.0133697 0.3820640
0.0001005 0.4751711 0.0001005 0.5246279
0.0001012 0.5788436 0.0005962 0.4204590
0.0001008 0.5375531 0.0001008 0.4622453
0.1098952 0.7772463 0.1127570 0.0001015
0.0001008 0.5365751 0.0001008 0.4632232
0.0001015 0.0685589 0.8525007 0.0788389
0.9230161 0.0678487 0.0090338 0.0001014
0.9249281 0.0748695 0.0001012 0.0001012
0.0001012 0.5738230 0.0215765 0.4044992
0.6481212 0.0000985 0.0000985 0.3516818
0.3237826 0.0548487 0.6212674 0.0001012
0.2253764 0.0001000 0.4564854 0.3180381
0.0001009 0.5215044 0.0001009 0.4782938
0.8988736 0.0826026 0.0184224 0.0001015
0.9066420 0.0295612 0.0001015 0.0636953
0.8918615 0.0217392 0.0001013 0.0862980
0.9112021 0.0246491 0.0001012 0.0640476
0.0001015 0.0402424 0.8659428 0.0937133
0.3081453 0.0629580 0.6287955 0.0001012
0.9189582 0.0650217 0.0159188 0.0001014
0.9246324 0.0751649 0.0001014 0.0001014
0.0001010 0.5982860 0.0001010 0.4015119
0.0271674 0.5931460 0.0131894 0.3664971
0.9087829 0.0789728 0.0121428 0.0001014
0.8877552 0.0196827 0.0001012 0.0924609
0.9291430 0.0706543 0.0001013 0.0001013
0.0001005 0.5487935 0.0001005 0.4510055
0.3611988 0.0614300 0.5772700 0.0001012
0.9051288 0.0255954 0.0001010 0.0691747
0.9240777 0.0757196 0.0001013 0.0001013
0.3338957 0.0551748 0.6108284 0.0001012
0.0001017 0.0989244 0.9008723 0.0001017
0.8918393 0.0747297 0.0333295 0.0001014
0.9289313 0.0708660 0.0001013 0.0001013
0.9179447 0.0811565 0.0007974 0.0001014
0.9227282 0.0735785 0.0035919 0.0001014
0.0001001 0.0001001 0.6738665 0.3259333
0.0001006 0.5306883 0.0001006 0.4691106
0.0136234 0.5498333 0.0279495 0.4085938
0.9017649 0.0264512 0.0001012 0.0716826
0.9215963 0.0782011 0.0001013 0.0001013
0.0001010 0.5224950 0.0001010 0.4773030
0.0019422 0.5614504 0.0035591 0.4330483
0.1230913 0.7557263 0.1210808 0.0001016
0.0001010 0.5302585 0.0001010 0.4695394
0.0001011 0.5714917 0.0198976 0.4085095
0.9136815 0.0757650 0.0104521 0.0001014
0.9229422 0.0708338 0.0061226 0.0001014
0.3339779 0.0685157 0.5974053 0.0001012
0.9335075 0.0662897 0.0001014 0.0001014
0.0001008 0.5195530 0.0001008 0.4802454
0.9114398 0.0856280 0.0028307 0.0001014
0.3071840 0.0633596 0.6293552 0.0001012
0.9070834 0.0744495 0.0183656 0.0001015
0.0001012 0.5481412 0.0001012 0.4516564
0.9027138 0.0649208 0.0322641 0.0001014
0.0001007 0.5244691 0.0001007 0.4753294
0.9014055 0.0377464 0.0001012 0.0607469
0.0033001 0.5506498 0.0001010 0.4459490
0.7176926 0.0000991 0.0000991 0.2821092
0.6813772 0.0000997 0.0000997 0.3184234
0.0001015 0.0641427 0.8673006 0.0684552
0.0123782 0.5861318 0.0026658 0.3988242
0.9157860 0.0655211 0.0185914 0.0001015
0.8748882 0.0077208 0.0001013 0.1172896
